6.369354e+01 7.290917e+01 8.798271e+01 1.125581e+02 1.149517e+02 1.098927e+02 1.063369e+02 1.082300e+02 
5.978500e+01 7.391729e+01 8.187833e+01 1.018650e+02 9.850250e+01 1.059094e+02 1.046040e+02 1.134131e+02 
5.990146e+01 9.990896e+01 9.836021e+01 9.337479e+01 9.920833e+01 1.011417e+02 1.129710e+02 1.145048e+02 
6.971625e+01 6.002771e+01 8.373333e+01 1.265665e+02 1.242177e+02 1.252544e+02 1.254438e+02 1.019452e+02 
6.283583e+01 6.279479e+01 8.336021e+01 1.060181e+02 1.058548e+02 1.048763e+02 1.077775e+02 9.479021e+01 
5.577208e+01 8.766979e+01 1.172079e+02 1.178425e+02 1.170596e+02 1.206456e+02 1.091440e+02 9.274583e+01 
6.427479e+01 6.886271e+01 9.602750e+01 1.209094e+02 1.207608e+02 1.155402e+02 1.067648e+02 8.964437e+01 
6.040667e+01 7.574646e+01 8.338938e+01 8.501062e+01 9.805958e+01 1.080546e+02 9.553875e+01 7.575146e+01 


1.254846e+02 1.257775e+02 1.253073e+02 1.243829e+02 1.251658e+02 1.254073e+02 1.257588e+02 1.277954e+02 
1.259412e+02 1.259681e+02 1.275365e+02 1.250500e+02 1.256231e+02 1.258029e+02 1.259794e+02 1.277654e+02 
1.265700e+02 1.208960e+02 1.158596e+02 1.159915e+02 1.129525e+02 1.127427e+02 1.163854e+02 1.266398e+02 
1.247204e+02 1.224644e+02 1.162377e+02 1.081165e+02 9.992979e+01 9.985979e+01 1.014294e+02 1.230752e+02 
1.249319e+02 1.220765e+02 1.215498e+02 1.110083e+02 1.120365e+02 1.151052e+02 1.178858e+02 1.279794e+02 
1.235615e+02 1.124706e+02 9.728354e+01 1.000410e+02 1.017702e+02 1.058569e+02 1.092406e+02 1.194640e+02 
1.206652e+02 1.168183e+02 1.103683e+02 1.029037e+02 1.071300e+02 1.098227e+02 1.125208e+02 1.243381e+02 
1.245983e+02 1.221675e+02 1.220856e+02 1.230500e+02 1.207315e+02 1.202444e+02 1.264854e+02 1.288727e+02 


1.241550e+02 1.243637e+02 1.242542e+02 1.234829e+02 1.229642e+02 1.230608e+02 1.223400e+02 1.205908e+02 
1.246956e+02 1.244673e+02 1.241454e+02 1.259212e+02 1.257223e+02 1.251883e+02 1.249585e+02 1.207427e+02 
1.245571e+02 1.271367e+02 1.387208e+02 1.434202e+02 1.470465e+02 1.469102e+02 1.375540e+02 1.216137e+02 
1.246642e+02 1.335348e+02 1.423608e+02 1.517244e+02 1.704423e+02 1.738077e+02 1.673963e+02 1.326179e+02 
1.262504e+02 1.341921e+02 1.343223e+02 1.476565e+02 1.479554e+02 1.438004e+02 1.368423e+02 1.239352e+02 
1.308569e+02 1.437942e+02 1.679958e+02 1.806231e+02 1.828248e+02 1.611342e+02 1.570556e+02 1.399792e+02 
1.358194e+02 1.460462e+02 1.492362e+02 1.565319e+02 1.505833e+02 1.469083e+02 1.446785e+02 1.308375e+02 
1.280567e+02 1.298465e+02 1.317069e+02 1.316908e+02 1.341217e+02 1.343606e+02 1.278413e+02 1.262919e+02 


